27458
50643
60984
36611
2301
21796
46866
37000
38165
63779
53468
22524
31667
74743
33071
71297
73964
51065
79838
23379
19166
26118
92370
40104
88737
74686
46646
29803
51868
75746
75877
40554
49558
30482
86937
34734
34371
52461
30351
16625
42354
58426
61278
10207
36497
73693
88741
87824
85294
88961
73129
66612
79154
70911
87453
14767
64615
66020
19636
15878
98532
86598
19671
86385
23973
2714
58660
14777
3838
24612
9087
73537
60773
76387
1103
77239
79187
5387
83161
27022
68582
5264
21755
62207
67393
88943
93162
22693
46992
15613
63108
69450
56444
289
83629
87295
35577
38957
618
80498
34447
37436
42344
52558
15702
76151
35016
82039
27061
30969
76157
38009
66600
1585
20486
76988
71593
12927
37071
3517
83501
47201
28892
26005
21769
15535
43696
43748
65117
52062
36024
35237
81765
65047
89072
24381
19125
9801
6202
79310
53282
24985
44869
21201
11549
1027
38693
87258
25901
30269
56379
26849
95148
28889
14581
58527
65286
84673
9118
64620
94081
87857
70425
31353
33623
57727
35500
33929
98665
67248
59357
83348
23569
72232
35074
92769
26787
24358
96896
96147
81506
14526
2115
9711
18019
28826
79055
29390
43275
5438
61641
57536
11903
73766
14491
69054
69311
22009
15564
6158
51170
42001
31916
92323
35920
14338
6904
57570
12870
74281
25571
79035
35834
94935
58485
43168
76672
5135
20576
89913
18971
69979
12462
5730
23968
65356
33028
49290
31754
79361
11197
22082
19705
7768
28821
65290
38868
94704
19034
250
5568
72873
56208
20055
93936
29034
93273
49494
77414
79656
71763
1388
48229
94132
5241
57633
66921
51082
12418
20780
42310
1509
91131
46040
67473
13615
95668
41127
40810
59532
60732
55814
17331
98701
75977
14143
58841
2724
46026
43111
40277
96897
82926
76589
79930
34018
62826
83705
42490
67576
40735
30144
95196
39732
67863
58909
1095
25756
14413
18605
56318
13240
45433
2822
82362
47149
26325
31774
28439
54367
60763
37763
18881
72455
3810
39626
17042
66665
98492
6244
25036
29309
5319
69217
81025
74537
27710
52018
7480
54868
69943
80197
10418
78538
37911
66968
74586
39454
50048
22946
99132
40550
34961
18477
64729
34206
87498
45188
83798
93530
43879
41203
17031
76865
83535
7118
648
56164
24046
93091
63236
39276
92752
53777
24306
47778
53188
45796
47304
31517
66162
33848
35265
40794
92199
26917
16900
85852
69979
14029
48994
30075
80546
77274
53011
40196
59909
17008
62646
87195
45053
23277
83774
9711
77312
78281
64961
31163
11045
97046
59393
52252
31215
65308
72456
17057
73134
8452
8611
38134
49863
781
63185
73617
26939
7516
47724
4276
30778
55773
66348
46855
59063
74206
80992
4664
64538
51543
76923
1100
6290
78577
90112
14977
70062
93401
17896
13029
14841
609
46143
89162
78057
10348
72148
40199
95522
57996
15079
32587
68930
35180
24458
47852
78051
81322
11917
22362
2779
30080
416
36132
5176
40381
7493
89226
70477
73627
31344
97475
47177
88332
39339
42297
14174
60266
41211
85084
41178
62772
12090
71045
95800
19908
78855
63088
39441
50256
39888
91594
27255
6837
64619
26209
18872
42496
46074
96709
81461
77948
75596
86625
5549
89567
79700
2745
22110
26815
72132
54394
62469
86348
77463
24442
83633
52022
46415
2585
96039
63820
10433
38447
44586
90973
50469
78307
76776
31837
26892
93751
55651
12845
18470
9569
88697
52463
53665
23087
42258
21232
64175
7024
10921
37283
91894
60199
17635
63123
18528
59788
22140
65338
83399
14185
52925
47149
84514
81516
50821
12429
64244
67900
48320
4538
97823
40462
52498
52092
80858
8822
92361
34686
95178
4221
27026
25821
50394
50487
45214
64206
754
7982
1966
6937
89956
56118
22663
93174
31751
97773
34789
38846
77178
30728
48981
5307
6676
74536
17558
68071
69757
14891
75704
16478
96618
79779
21208
61037
71365
79381
20972
77109
95148
4114
10230
69258
70952
23151
65017
88340
94751
45330
53258
65314
56188
53368
86360
48219
45202
80069
19153
39484
32321
79665
41569
83913
96268
92735
14364
74250
52717
13713
50585
78513
65928
33508
57485
95571
56074
61787
65147
34033
49836
30342
1908
67119
12668
48583
90827
33627
82143
43649
37424
59583
90062
61256
25584
23378
45147
59361
86192
48072
328
72458
27716
31063
11587
93317
32343
56645
89306
39013
69348
41166
1563
87400
86033
13832
38901
87733
95078
10361
11191
65723
99829
70907
58953
53766
62830
79399
21312
97436
52032
53582
30211
68422
51689
84037
82872
17216
50377
42344
91764
61070
4120
46087
68135
62068
66224
75211
14481
32222
22004
43500
39846
36478
95790
77139
57718
32396
55894
93903
16381
35049
23659
12496
17095
16305
11770
66731
15800
48536
942
21909
51781
14864
81763
46182
47186
12539
41139
83629
95902
63116
74598
48026
16851
56963
98252
11974
84378
1287
85405
10318
93608
5201
88231
74412
44483
68698
37700
79831
74297
95840
2300
9360
69564
71691
70604
53980
48840
75981
97279
38341
92799
95340
87056
20918
29989
96445
47202
97594
44567
58359
71259
36992
39680
76634
79985
74774
93785
43035
30445
46656
5103
50006
15515
45848
4882
57807
28515
88239
50231
76214
26434
28445
78290
23880
42900
29469
84223
68283
35841
54658
43720
68563
79268
91107
29274
92160
26752
85207
94849
28654
99758
17728
71618
83947
55261
15219
53718
41675
8942
30974
279
12296
44628
34046
77408
74677
57955
37169
45448
84491
25293
74078
54403
765
85423
85838
40099
36474
99886
92418
65324
8251
34772
9493
66816
71569
16751
65981
29192
30050
36813
5470
74998
63887
16991
49127
2985
12196
68973
99801
34302
68752
36648
34401
61526
11457
92094
23135
28583
99199
39443
46763
25067
27465
81770
46338
14726
917
14905
62233
31701
23211
87759
41910
66445
940
40865
31476
12211
58969
89559
14630
31582
20173
30343
20726
81834
69591
28483
34890
59092
88647
98388
74684
89633
14717
16542
24450
25722
45997
87492
69038
18259
53629
83870
85069
25805
32840
18959
38194
71735
97998
45961
98450
31470
99128
50268
93136
11929
85606
18079
24421
72955
20175
277
58615
37101
70366
25718
36485
62084
65759
42491
95217
52685
57906
89732
74916
81281
56815
18518
72383
13739
66450
56654
63213
65259
23846
26578
82985
33578
75472
72121
65997
73585
89967
46505
35274
51430
6272
2229
78170
72236
26499
73207
22876
